"","VNIndex","XAUUSD","GC=F","SJC","BTC","ETH","BNB"
"VNIndex","1.000","-0.015","-0.013","-0.021","0.058***","0.086***","0.101***"
"XAUUSD","-0.015","1.000","0.906***","0.226***","0.088***","0.109***","0.081***"
"GC=F","-0.013","0.906***","1.000","0.254***","0.082***","0.083***","0.070***"
"SJC","-0.021","0.226***","0.254***","1.000","0.010","-0.011","-0.014"
"BTC","0.058***","0.088***","0.082***","0.010","1.000","0.786***","0.655***"
"ETH","0.086***","0.109***","0.083***","-0.011","0.786***","1.000","0.663***"
"BNB","0.101***","0.081***","0.070***","-0.014","0.655***","0.663***","1.000"
