"","GPR","GPRT","GPRA","GEPU_current","GEPU_ppp","WUI"
"GPR","1.000","0.846***","0.917***","0.182***","0.166***","0.367***"
"GPRT","0.846***","1.000","0.569***","0.395***","0.387***","0.393***"
"GPRA","0.917***","0.569***","1.000","0.008","-0.011","0.243***"
"GEPU_current","0.182***","0.395***","0.008","1.000","0.997***","0.611***"
"GEPU_ppp","0.166***","0.387***","-0.011","0.997***","1.000","0.585***"
"WUI","0.367***","0.393***","0.243***","0.611***","0.585***","1.000"
